3 0.00
6 0.00
9 0.00
12 0.00
15 0.00
18 0.00
21 0.00
24 0.00
27 0.00
30 0.00
33 0.00
36 0.00
39 0.00
42 0.00
45 0.00
48 0.00
51 0.00
54 0.00
57 0.00
60 0.00
63 0.00
66 0.00
69 0.00
72 0.00
75 0.00
78 0.00
81 0.00
84 0.00
87 0.00
90 0.00
93 0.00
96 0.00
99 0.00
102 0.00
105 0.00
108 0.00
111 0.00
114 0.00
117 0.00
120 0.00
123 0.00
126 0.00
129 0.00
132 0.00
135 0.00
138 0.00
141 0.00
144 0.00
147 0.00
150 0.00
153 0.00
156 0.00
159 0.00
162 0.00
165 0.00
168 0.00
171 0.00
174 0.00
177 0.00
180 0.00
183 0.00
186 0.00
189 0.00
192 0.00
195 0.00
198 0.00
201 0.00
204 0.00
207 0.00
210 0.00
213 0.00
216 0.00
219 0.00
222 0.00
225 0.00
228 0.00
231 0.00
234 0.00
237 0.00
240 0.00
243 0.00
246 0.00
249 0.00
252 0.00
255 0.00
258 0.00
261 0.00
264 0.00
267 0.00
270 0.00
273 0.00
276 0.00
279 0.00
282 0.00
285 0.00
288 0.00
291 0.00
294 0.00
297 0.00
300 0.00
303 0.00
306 0.00
309 0.00
312 0.00
315 0.00
318 0.00
321 0.00
324 0.00
327 0.00
330 0.00
333 0.00
336 0.00
339 0.00
342 0.00
345 0.00
348 0.00
351 0.00
354 0.00
357 0.00
360 0.00
363 0.00
366 0.00
369 0.00
372 0.00
375 0.00
378 0.00
381 0.00
384 0.00
387 0.00
390 0.00
393 0.00
396 0.00
399 0.00
402 0.00
405 0.00
408 0.00
411 0.00
414 0.00
417 0.00
420 0.00
423 0.00
426 0.00
429 0.00
432 0.00
435 0.00
438 0.00
441 0.00
444 0.00
447 0.00
450 0.00
453 0.00
456 0.00
459 0.00
462 0.00
465 0.00
468 0.00
471 0.00
474 0.00
477 0.00
480 0.00
483 0.00
486 0.00
489 0.00
492 0.00
495 0.00
498 0.00
501 0.00
504 0.00
507 0.00
510 0.00
513 0.00
516 0.00
519 0.00
522 0.00
525 0.00
528 0.00
531 0.00
534 0.00
537 0.00
540 0.00
543 0.00
546 0.00
549 0.00
552 0.00
555 0.00
558 0.00
561 0.00
564 0.00
567 0.00
570 0.00
573 0.00
576 0.00
579 0.00
582 0.00
585 0.00
588 0.00
591 0.00
594 0.00
597 0.00
600 0.00
603 0.00
606 0.00
609 0.00
612 0.00
615 0.00
618 0.00
621 0.00
624 0.00
627 0.00
630 0.00
633 0.00
636 0.00
639 0.00
642 0.00
645 0.00
648 0.00
651 0.36
654 0.72
657 1.08
660 1.44
663 1.80
666 2.16
669 2.52
672 2.88
675 3.24
678 3.60
681 3.96
684 4.32
687 4.68
690 5.04
693 5.31
696 5.40
699 7.02
702 8.46
705 9.72
708 10.80
711 12.15
714 13.32
717 14.22
720 14.85
723 15.84
726 16.56
729 17.01
732 17.19
735 17.19
738 17.19
741 17.19
744 17.19
747 17.19
750 17.19
753 17.19
756 17.19
759 17.19
762 17.19
765 17.19
768 17.19
771 17.19
774 17.19
777 17.19
780 17.19
783 17.19
786 17.19
789 17.19
792 17.19
795 17.19
798 17.19
801 17.19
804 17.19
807 17.19
810 17.19
813 17.19
816 17.19
819 17.19
822 17.19
825 17.19
828 17.19
831 17.19
834 17.19
837 17.19
840 17.19
843 17.19
846 17.19
849 17.19
852 17.19
855 17.19
858 17.19
861 17.19
864 17.19
867 17.19
870 17.19
873 17.19
876 17.19
879 17.19
882 17.19
885 17.19
888 17.19
891 17.19
894 17.19
897 17.19
900 17.19
903 17.19
906 17.19
909 17.19
912 17.19
915 17.19
918 17.19
921 17.19
924 17.19
927 17.19
930 17.19
933 17.19
936 17.19
939 17.19
942 17.19
945 17.19
948 17.19
951 17.19
954 17.19
957 17.19
960 17.19
963 17.19
966 17.19
969 17.19
972 17.19
975 17.19
978 17.19
981 17.19
984 17.19
987 17.19
990 17.19
993 17.19
996 17.19
999 17.19
1002 17.19
1005 17.19
1008 17.19
1011 17.19
1014 17.19
1017 17.19
1020 17.19
1023 17.19
1026 17.19
1029 17.19
1032 17.19
1035 17.19
1038 17.19
1041 17.19
1044 17.19
1047 17.19
1050 17.19
1053 17.19
1056 17.19
1059 17.19
1062 17.19
1065 17.19
1068 17.19
1071 17.19
1074 17.19
1077 17.19
1080 17.19
1083 17.19
1086 17.19
1089 17.19
1092 17.19
1095 17.19
1098 17.19
1101 17.19
1104 17.19
1107 17.19
1110 17.19
1113 17.19
1116 17.19
1119 17.19
1122 17.19
1125 17.19
1128 17.19
1131 17.19
1134 17.19
1137 17.19
1140 17.19
1143 17.19
1146 17.19
1149 17.19
1152 17.19
1155 17.19
1158 17.19
1161 17.19
1164 17.19
1167 17.19
1170 17.19
1173 17.19
1176 17.19
1179 17.19
1182 17.19
1185 17.19
1188 17.19
1191 17.19
1194 17.19
1197 17.19
1200 17.19
1203 17.19
1206 17.19
1209 17.19
1212 17.19
1215 17.19
1218 17.19
1221 17.19
1224 17.19
1227 17.19
1230 17.19
1233 17.19
1236 17.19
1239 18.54
1242 19.89
1245 21.24
1248 22.59
1251 23.94
1254 25.29
1257 26.55
1260 27.81
1263 32.49
1266 37.08
1269 41.67
1272 46.17
1275 51.93
1278 57.60
1281 63.27
1284 68.85
1287 74.43
1290 79.74
1293 84.69
1296 89.28
1299 96.12
1302 102.69
1305 109.08
1308 115.29
1311 121.41
1314 127.17
1317 132.75
1320 138.15
1323 143.37
1326 148.32
1329 152.82
1332 156.96
1335 162.63
1338 167.67
1341 172.35
1344 176.67
1347 181.80
1350 186.66
1353 191.25
1356 195.57
1359 200.34
1362 204.75
1365 208.89
1368 212.76
1371 216.63
1374 220.23
1377 223.47
1380 226.35
1383 232.92
1386 239.13
1389 244.98
1392 250.56
1395 256.41
1398 261.90
1401 267.21
1404 272.34
1407 277.74
1410 282.78
1413 287.55
1416 291.96
1419 295.92
1422 299.52
1425 302.76
1428 305.64
1431 310.86
1434 315.72
1437 320.13
1440 324.09
1443 329.22
1446 333.99
1449 338.31
1452 342.27
1455 346.41
1458 346.95
1461 347.31
1464 347.58
1467 348.84
1470 349.92
1473 350.82
1476 351.54
1479 352.26
1482 352.26
1485 352.26
1488 352.26
1491 353.88
1494 354.96
1497 355.86
1500 356.58
1503 358.83
1506 360.45
1509 361.80
1512 362.88
1515 365.49
1518 367.65
1521 369.45
1524 370.89
1527 371.97
1530 372.78
1533 373.23
1536 373.32
1539 375.75
1542 376.74
1545 377.37
1548 377.55
1551 380.07
1554 382.14
1557 383.76
1560 384.84
1563 385.38
1566 385.38
1569 385.38
1572 385.38
1575 390.33
1578 393.48
1581 396.09
1584 398.16
1587 402.03
1590 403.29
1593 404.10
1596 404.55
1599 404.55
1602 404.55
1605 404.55
1608 404.55
1611 405.99
1614 406.71
1617 406.98
1620 406.98
1623 409.77
1626 411.12
1629 412.20
1632 412.83
1635 414.27
1638 414.90
1641 415.17
1644 415.17
1647 415.62
1650 415.62
1653 415.62
1656 415.62
1659 415.62
1662 415.62
1665 415.62
1668 415.62
1671 415.62
1674 415.62
1677 415.62
1680 415.62
1683 415.62
1686 415.62
1689 415.62
1692 415.62
1695 415.62
1698 415.62
1701 415.62
1704 415.62
1707 415.62
1710 415.62
1713 415.62
1716 415.62
1719 415.62
1722 415.62
1725 415.62
1728 415.62
1731 415.62
1734 415.62
1737 415.62
1740 415.62
1743 415.62
1746 415.62
1749 415.62
1752 415.62
1755 415.62
1758 415.62
1761 415.62
1764 415.62
1767 415.62
1770 415.62
1773 415.62
1776 415.62
1779 415.62
1782 415.62
1785 415.62
1788 415.62
1791 415.62
1794 415.62
1797 415.62
1800 415.62
1803 415.62
1806 415.62
1809 415.62
1812 415.62
1815 415.62
1818 415.62
1821 415.62
1824 415.62
1827 415.62
1830 415.62
1833 415.62
1836 415.62
1839 415.62
1842 415.62
1845 415.62
1848 415.62
1851 415.62
1854 415.62
1857 415.62
1860 415.62
1863 415.62
1866 415.62
1869 415.62
1872 415.62
1875 415.62
1878 415.62
1881 415.62
1884 415.62
1887 415.62
1890 415.62
1893 415.62
1896 415.62
1899 415.62
1902 415.62
1905 415.62
1908 415.62
1911 415.62
1914 415.62
1917 415.62
1920 415.62
1923 415.62
1926 415.62
1929 415.62
1932 415.62
1935 415.62
1938 415.62
1941 415.62
1944 415.62
1947 415.62
1950 415.62
1953 415.62
1956 415.62
1959 415.62
1962 415.62
1965 415.62
1968 415.62
1971 415.62
1974 415.62
1977 415.62
1980 415.62
1983 415.62
1986 415.62
1989 415.62
1992 415.62
1995 415.62
1998 415.62
2001 415.62
2004 415.62
2007 415.62
2010 415.62
2013 415.62
2016 415.62
2019 415.62
2022 415.62
2025 415.62
2028 415.62
2031 415.62
2034 415.62
2037 415.62
2040 415.62
2043 415.62
2046 415.62
2049 415.62
2052 415.62
2055 415.62
2058 415.62
2061 415.62
2064 415.62
2067 415.62
2070 415.62
2073 415.62
2076 415.62
2079 415.62
2082 415.62
2085 415.62
2088 415.62
2091 415.62
2094 415.62
2097 415.62
2100 415.62
2103 415.62
2106 415.62
2109 415.62
2112 415.62
2115 415.62
2118 415.62
2121 415.62
2124 415.62
2127 415.62
2130 415.62
2133 415.62
2136 415.62
2139 415.62
2142 415.62
2145 415.62
2148 415.62
2151 415.62
2154 415.62
2157 415.62
2160 415.62
2163 415.62
2166 415.62
2169 415.62
2172 415.62
2175 415.62
2178 415.62
2181 415.62
2184 415.62
2187 415.62
2190 415.62
2193 415.62
2196 415.62
2199 415.62
2202 415.62
2205 415.62
2208 415.62
2211 415.62
2214 415.62
2217 415.62
2220 415.62
2223 415.62
2226 415.62
2229 415.62
2232 415.62
2235 415.62
2238 415.62
2241 415.62
2244 415.62
2247 415.62
2250 415.62
2253 415.62
2256 415.62
2259 415.62
2262 415.62
2265 415.62
2268 415.62
2271 415.62
2274 415.62
2277 415.62
2280 415.62
2283 415.62
