3 0.00
6 0.00
9 0.00
12 0.00
15 0.00
18 0.00
21 0.00
24 0.00
27 0.00
30 0.00
33 0.00
36 0.00
39 0.00
42 0.00
45 0.00
48 0.00
51 0.00
54 0.00
57 0.00
60 0.00
63 0.00
66 0.00
69 0.00
72 0.00
75 0.00
78 0.00
81 0.00
84 0.00
87 0.00
90 0.00
93 0.00
96 0.00
99 0.00
102 0.00
105 0.00
108 0.00
111 0.00
114 0.00
117 0.00
120 0.00
123 0.00
126 0.00
129 0.00
132 0.00
135 0.00
138 0.00
141 0.00
144 0.00
147 0.00
150 0.00
153 0.00
156 0.00
159 0.00
162 0.00
165 0.00
168 0.00
171 0.00
174 0.00
177 0.00
180 0.00
183 0.00
186 0.00
189 0.00
192 0.00
195 0.00
198 0.00
201 0.00
204 0.00
207 0.00
210 0.00
213 0.00
216 0.00
219 0.00
222 0.00
225 0.00
228 0.00
231 0.00
234 0.00
237 0.00
240 0.00
243 0.00
246 0.00
249 0.00
252 0.00
255 0.00
258 0.00
261 0.00
264 0.00
267 0.00
270 0.00
273 0.00
276 0.00
279 0.00
282 0.00
285 0.00
288 0.00
291 0.00
294 0.00
297 0.00
300 0.00
303 0.00
306 0.00
309 0.00
312 0.00
315 0.00
318 0.00
321 0.00
324 0.00
327 0.00
330 0.00
333 0.00
336 0.00
339 0.00
342 0.00
345 0.00
348 0.00
351 0.00
354 0.00
357 0.00
360 0.00
363 0.00
366 0.00
369 0.00
372 0.00
375 0.00
378 0.00
381 0.00
384 0.00
387 0.00
390 0.00
393 0.00
396 0.00
399 0.00
402 0.00
405 0.00
408 0.00
411 0.00
414 0.00
417 0.00
420 0.00
423 0.00
426 0.00
429 0.00
432 0.00
435 0.00
438 0.00
441 0.00
444 0.00
447 0.00
450 0.00
453 0.00
456 0.00
459 0.00
462 0.00
465 0.00
468 0.00
471 0.00
474 0.00
477 0.00
480 0.00
483 0.00
486 0.00
489 0.00
492 0.00
495 0.00
498 0.00
501 0.00
504 0.00
507 0.00
510 0.00
513 0.00
516 0.00
519 0.00
522 0.00
525 0.00
528 0.00
531 0.00
534 0.00
537 0.00
540 0.00
543 0.00
546 0.00
549 0.00
552 0.00
555 0.00
558 0.00
561 0.00
564 0.00
567 0.00
570 0.00
573 0.00
576 0.00
579 0.00
582 0.00
585 0.00
588 0.00
591 0.00
594 0.00
597 0.00
600 0.00
603 0.00
606 0.00
609 0.00
612 0.00
615 0.00
618 0.00
621 0.00
624 0.00
627 0.00
630 0.00
633 0.00
636 0.00
639 0.00
642 0.00
645 0.00
648 4.00
651 4.00
654 4.00
657 4.00
660 4.00
663 4.00
666 4.00
669 4.00
672 4.00
675 4.00
678 4.00
681 4.00
684 4.00
687 4.00
690 3.00
693 1.00
696 18.00
699 16.00
702 14.00
705 12.00
708 15.00
711 13.00
714 10.00
717 7.00
720 11.00
723 8.00
726 5.00
729 2.00
732 0.00
735 0.00
738 0.00
741 0.00
744 0.00
747 0.00
750 0.00
753 0.00
756 0.00
759 0.00
762 0.00
765 0.00
768 0.00
771 0.00
774 0.00
777 0.00
780 0.00
783 0.00
786 0.00
789 0.00
792 0.00
795 0.00
798 0.00
801 0.00
804 0.00
807 0.00
810 0.00
813 0.00
816 0.00
819 0.00
822 0.00
825 0.00
828 0.00
831 0.00
834 0.00
837 0.00
840 0.00
843 0.00
846 0.00
849 0.00
852 0.00
855 0.00
858 0.00
861 0.00
864 0.00
867 0.00
870 0.00
873 0.00
876 0.00
879 0.00
882 0.00
885 0.00
888 0.00
891 0.00
894 0.00
897 0.00
900 0.00
903 0.00
906 0.00
909 0.00
912 0.00
915 0.00
918 0.00
921 0.00
924 0.00
927 0.00
930 0.00
933 0.00
936 0.00
939 0.00
942 0.00
945 0.00
948 0.00
951 0.00
954 0.00
957 0.00
960 0.00
963 0.00
966 0.00
969 0.00
972 0.00
975 0.00
978 0.00
981 0.00
984 0.00
987 0.00
990 0.00
993 0.00
996 0.00
999 0.00
1002 0.00
1005 0.00
1008 0.00
1011 0.00
1014 0.00
1017 0.00
1020 0.00
1023 0.00
1026 0.00
1029 0.00
1032 0.00
1035 0.00
1038 0.00
1041 0.00
1044 0.00
1047 0.00
1050 0.00
1053 0.00
1056 0.00
1059 0.00
1062 0.00
1065 0.00
1068 0.00
1071 0.00
1074 0.00
1077 0.00
1080 0.00
1083 0.00
1086 0.00
1089 0.00
1092 0.00
1095 0.00
1098 0.00
1101 0.00
1104 0.00
1107 0.00
1110 0.00
1113 0.00
1116 0.00
1119 0.00
1122 0.00
1125 0.00
1128 0.00
1131 0.00
1134 0.00
1137 0.00
1140 0.00
1143 0.00
1146 0.00
1149 0.00
1152 0.00
1155 0.00
1158 0.00
1161 0.00
1164 0.00
1167 0.00
1170 0.00
1173 0.00
1176 0.00
1179 0.00
1182 0.00
1185 0.00
1188 0.00
1191 0.00
1194 0.00
1197 0.00
1200 0.00
1203 0.00
1206 0.00
1209 0.00
1212 0.00
1215 0.00
1218 0.00
1221 0.00
1224 0.00
1227 0.00
1230 0.00
1233 0.00
1236 15.00
1239 15.00
1242 15.00
1245 15.00
1248 15.00
1251 15.00
1254 14.00
1257 14.00
1260 52.00
1263 51.00
1266 51.00
1269 50.00
1272 64.00
1275 63.00
1278 63.00
1281 62.00
1284 62.00
1287 59.00
1290 55.00
1293 51.00
1296 76.00
1299 73.00
1302 71.00
1305 69.00
1308 68.00
1311 64.00
1314 62.00
1317 60.00
1320 58.00
1323 55.00
1326 50.00
1329 46.00
1332 63.00
1335 56.00
1338 52.00
1341 48.00
1344 57.00
1347 54.00
1350 51.00
1353 48.00
1356 53.00
1359 49.00
1362 46.00
1365 43.00
1368 43.00
1371 40.00
1374 36.00
1377 32.00
1380 73.00
1383 69.00
1386 65.00
1389 62.00
1392 65.00
1395 61.00
1398 59.00
1401 57.00
1404 60.00
1407 56.00
1410 53.00
1413 49.00
1416 44.00
1419 40.00
1422 36.00
1425 32.00
1428 58.00
1431 54.00
1434 49.00
1437 44.00
1440 57.00
1443 53.00
1446 48.00
1449 44.00
1452 46.00
1455 6.00
1458 4.00
1461 3.00
1464 14.00
1467 12.00
1470 10.00
1473 8.00
1476 8.00
1479 0.00
1482 0.00
1485 0.00
1488 18.00
1491 12.00
1494 10.00
1497 8.00
1500 25.00
1503 18.00
1506 15.00
1509 12.00
1512 29.00
1515 24.00
1518 20.00
1521 16.00
1524 12.00
1527 9.00
1530 5.00
1533 1.00
1536 27.00
1539 11.00
1542 7.00
1545 2.00
1548 28.00
1551 23.00
1554 18.00
1557 12.00
1560 6.00
1563 0.00
1566 0.00
1569 0.00
1572 55.00
1575 35.00
1578 29.00
1581 23.00
1584 43.00
1587 14.00
1590 9.00
1593 5.00
1596 0.00
1599 0.00
1602 0.00
1605 0.00
1608 16.00
1611 8.00
1614 3.00
1617 0.00
1620 31.00
1623 15.00
1626 12.00
1629 7.00
1632 16.00
1635 7.00
1638 3.00
1641 0.00
1644 5.00
1647 0.00
1650 0.00
1653 0.00
1656 0.00
1659 0.00
1662 0.00
1665 0.00
1668 0.00
1671 0.00
1674 0.00
1677 0.00
1680 0.00
1683 0.00
1686 0.00
1689 0.00
1692 0.00
1695 0.00
1698 0.00
1701 0.00
1704 0.00
1707 0.00
1710 0.00
1713 0.00
1716 0.00
1719 0.00
1722 0.00
1725 0.00
1728 0.00
1731 0.00
1734 0.00
1737 0.00
1740 0.00
1743 0.00
1746 0.00
1749 0.00
1752 0.00
1755 0.00
1758 0.00
1761 0.00
1764 0.00
1767 0.00
1770 0.00
1773 0.00
1776 0.00
1779 0.00
1782 0.00
1785 0.00
1788 0.00
1791 0.00
1794 0.00
1797 0.00
1800 0.00
1803 0.00
1806 0.00
1809 0.00
1812 0.00
1815 0.00
1818 0.00
1821 0.00
1824 0.00
1827 0.00
1830 0.00
1833 0.00
1836 0.00
1839 0.00
1842 0.00
1845 0.00
1848 0.00
1851 0.00
1854 0.00
1857 0.00
1860 0.00
1863 0.00
1866 0.00
1869 0.00
1872 0.00
1875 0.00
1878 0.00
1881 0.00
1884 0.00
1887 0.00
1890 0.00
1893 0.00
1896 0.00
1899 0.00
1902 0.00
1905 0.00
1908 0.00
1911 0.00
1914 0.00
1917 0.00
1920 0.00
1923 0.00
1926 0.00
1929 0.00
1932 0.00
1935 0.00
1938 0.00
1941 0.00
1944 0.00
1947 0.00
1950 0.00
1953 0.00
1956 0.00
1959 0.00
1962 0.00
1965 0.00
1968 0.00
1971 0.00
1974 0.00
1977 0.00
1980 0.00
1983 0.00
1986 0.00
1989 0.00
1992 0.00
1995 0.00
1998 0.00
2001 0.00
2004 0.00
2007 0.00
2010 0.00
2013 0.00
2016 0.00
2019 0.00
2022 0.00
2025 0.00
2028 0.00
2031 0.00
2034 0.00
2037 0.00
2040 0.00
2043 0.00
2046 0.00
2049 0.00
2052 0.00
2055 0.00
2058 0.00
2061 0.00
2064 0.00
2067 0.00
2070 0.00
2073 0.00
2076 0.00
2079 0.00
2082 0.00
2085 0.00
2088 0.00
2091 0.00
2094 0.00
2097 0.00
2100 0.00
2103 0.00
2106 0.00
2109 0.00
2112 0.00
2115 0.00
2118 0.00
2121 0.00
2124 0.00
2127 0.00
2130 0.00
2133 0.00
2136 0.00
2139 0.00
2142 0.00
2145 0.00
2148 0.00
2151 0.00
2154 0.00
2157 0.00
2160 0.00
2163 0.00
2166 0.00
2169 0.00
2172 0.00
2175 0.00
2178 0.00
2181 0.00
2184 0.00
2187 0.00
2190 0.00
2193 0.00
2196 0.00
2199 0.00
2202 0.00
2205 0.00
2208 0.00
2211 0.00
2214 0.00
2217 0.00
2220 0.00
2223 0.00
2226 0.00
2229 0.00
2232 0.00
2235 0.00
2238 0.00
2241 0.00
2244 0.00
2247 0.00
2250 0.00
2253 0.00
2256 0.00
2259 0.00
2262 0.00
2265 0.00
2268 0.00
2271 0.00
2274 0.00
2277 0.00
2280 0.00
2283 0.00
